      1757.6088       506.3661
      1761.5698       658.6750
      1707.2872       658.8907
      1830.3915       647.1624
      1826.8048       516.9570
      1826.3204       506.1974
      1818.9968       646.0493
      1852.8813       505.9819
      1691.6215       513.2733
      1653.9006       641.8297
      1770.0369       504.5018
      1752.6731       645.8695
      1806.0536       363.8523
      1751.8099       643.5070
      1751.9825       661.3397
      1860.1862       657.8240
      1866.5142       657.7413
      1741.3474       648.4512
      1888.4742       439.6696
      1834.2379       866.3792
      1740.0824       658.8286
      1446.4377       377.4213
      1777.6591       920.3865
      1766.6082       909.8918
      1847.6606       653.1503
      1835.1422       770.9576
      1782.3840       866.3630
      1703.8768       576.1575
      1825.6497       575.7764
      1760.5250       910.6967
      1393.0770       306.8540
      1766.9669       925.5160
      1882.8419       345.6445
      1700.3488       718.9456
      1795.6219       790.7192
      1870.9615       849.8102
      1805.2123       796.6832
      1785.3829       346.3977
      1665.1473       346.5405
      1902.5664       655.5507
      1814.8158       748.8051
      1756.9996       907.4310
      1766.8909       583.6560
      1871.0065       963.4473
      1777.1956       865.7432
      1702.1376       592.8401
      1874.4766       963.2244
      1742.5045       873.6445
      1769.7104       587.0026
      1824.3868       592.7903
      1819.0691       893.2657
      1875.6895       660.7106
      1895.7555       970.2056
      1393.9683       514.2939
      1786.2545       921.9628
      1790.0074       872.4821
      1748.8403       866.8991
      1767.6382       915.5234
      1745.5533       784.8365
      1753.2341       307.9313
       753.3334       380.9180
      1781.0011       785.3328
      1843.1729       652.0959
      1699.0490       455.5092
      1845.4609       781.0458
      1546.3220       347.0753
      1867.7645       915.2713
      1859.9979       877.8366
      1762.6722       317.0853
      1841.8525       873.5471
      1810.3427       486.0693
      1837.6812       780.7722
      1696.6171       600.8613
      1773.1205       317.0364
      1793.7240       871.7239
      1870.4508       775.8683
      1802.4885       815.2195
      1777.4609       444.8960
      1871.9379       308.0733
      1804.9553       776.9561
      1792.7885       815.1333
      1781.1088       955.4587
      1755.4061       455.3062
      1739.3234       642.1148
      1881.8564       463.7049
      1681.3857       585.5801
      1823.8927       762.8015
      1705.7288       949.8320
      1774.3424       960.1213
      1751.4427       902.5375
      1801.3652       448.9416
      1754.5729       482.0446
      1811.5088       846.2490
      1828.8715       732.1553
      1773.5360       908.8492
      1838.8901       919.6117
      1768.5773       955.7213
      1702.9259       860.2167
      1796.1061       872.1044
      1841.3914       481.8049
      1813.9583       926.9443
      1825.7225       735.4027
      1798.3910       876.7237
      1858.9065       906.1846
      1759.8041       298.3471
      1862.0995       808.6591
      1781.8594       949.5555
       712.0211      1279.9205
      1821.8494       357.4703
      1696.1663       323.7999
      1740.2617       924.3018
      1782.0446       902.3017
      1782.2104       583.3099
      1742.0687       926.5004
      1868.3033       933.9471
      1763.0126       329.1458
      1711.9608       791.7787
      1791.4987       859.6252
      1781.0775       507.5157
      1802.8307       873.0067
      1805.7134       720.4290
      1844.7047       746.6384
      1773.0753       788.6973
      1836.4385       749.0637
      1823.8986       954.2455
      1768.2639       848.1028
      1753.2161       803.2878
      1877.5980       328.1537
      1705.2004       798.9600
      1738.6215       894.8084
      1785.2659      1169.1254
      1873.7855       593.6887
      1759.5327       867.8777
      1791.5830       297.6568
      1845.6060       858.2718
      1709.6486       886.2455
      1837.6198       909.8173
      1811.0237       856.4738
      1736.0870       847.8571
      1705.8490       858.3820
      1848.1069       795.5728
      1756.0618      1222.9736
      1792.9695       737.8536
      1761.8401       467.4564
      1854.8198       882.6356
      1691.4088       279.7940
      1834.5631       597.3781
      1750.2639       593.9575
      1895.8104      1194.7410
      1740.3538       530.2463
      1795.2816      1147.0240
      1755.3654       867.3293
      1838.2126       723.2730
      1887.4369       621.8796
      1860.5294       773.9752
      1799.7566       505.9830
      1881.4932       467.4258
      1773.9685       800.9830
      1709.3855       925.3221
      1763.8905       727.7706
      1774.2229       878.3327
      1762.2324       859.5382
      1851.0334       942.6876
      1882.7972       953.5904
      1843.2590       773.3294
      1801.7668       485.4063
      1827.8402       588.3760
      1888.9279       817.1324
      1725.4922       956.0088
      1607.5743       278.1868
      1888.4739       912.3829
      1761.7278       476.9888
      1702.6810       942.1443
      1839.5376       475.8496
      1595.7001       574.9561
      1611.2214       541.4825
      1794.6620      1174.6241
      1847.7677       760.2870
      1796.4120       819.9884
      1735.7761       899.9694
      1870.6749       945.3778
      1654.8569      1174.1415
      1760.4207       920.7962
      1784.5742       877.9479
      1757.0402       859.8056
      1821.9294       862.3525
      1778.1354      1175.8684
      1783.1445       937.7823
      1853.9799       845.7457
      1632.1097       414.7216
      1780.6924       331.7921
      1841.6760       880.9629
      1832.1378       912.3347
      1833.2815      1238.8334
      1839.5350      1203.0104
      1754.8972      1173.9004
       499.1999      1388.4064
      1724.9713       875.0012
      1888.8022       530.7476
      1827.2192       567.9715
      1552.0648      1261.3490
      1653.3038      1226.8782
      1788.8606      1146.6685
      1803.8971       927.1282
      1818.8638       858.0798
      1761.2694       275.4032
      1739.6461       898.8041
      1830.1509       529.3250
      1767.2554       859.8254
      1473.7925       370.0079
      1867.1965       785.5419
      1884.5181       476.0801
      1839.2117      1104.8234
      1794.1294       370.1942
      1853.7750       775.7153
      1823.7742       943.7598
      1849.1259       859.6179
      1847.3309       884.2133
      1852.3818       882.8182
      1763.7252      1156.3694
      1818.3228       766.6987
      1889.5236       933.4313
       880.4648       266.6044
      1895.0042      1116.7015
      1793.4962       755.4781
      1487.4858       270.5785
      1800.5277       852.8056
      1781.6898      1050.9775
      1836.8682       616.7166
      1853.8301       851.0681
      1812.6547      1190.3051
      1667.3204      1120.0781
      1484.3552       360.6173
      1848.1949       763.7087
      1664.3433      1206.2113
      1713.9558       935.7648
      1884.3529       797.6601
      1863.1326       784.1026
      1679.8586       419.0513
      1827.8989       689.8000
      1753.4894       776.9196
      1788.0381       801.7210
      1896.8582       920.0105
      1829.4583      1119.8090
      1902.5188       986.4805
      1799.4839      1154.8712
      1757.1658       742.3442
      1818.9603       316.6446
      1569.0270       270.5673
       829.2696       250.0853
      1764.5076       902.2493
      1865.1030       900.9507
      1731.7966       758.1385
      1853.3571       789.8778
      1895.2528      1210.3046
      1406.5884       684.6708
      1794.4089       827.1247
      1869.5316       804.7256
      1831.5950       462.3904
      1711.3795       902.6148
      1860.6218       688.9877
      1897.2662       858.2454
      1872.6537       719.3698
      1763.9563       839.8955
      1715.0686       731.8304
      1765.1514       898.6327
      1717.6919       934.4282
      1866.6681       210.2013
      1819.6184       720.4031
      1848.8518      1112.1602
      1889.6227       935.8039
      1652.5997      1193.9001
      1709.2472       758.9721
      1816.5612      1129.2677
      1862.1385      1242.1160
      1706.6375      1108.5629
      1873.0603       798.9223
      1831.8480       398.3048
      1803.7913       769.9337
      1123.9512       247.0203
      1715.1678      1145.2657
      1709.5309       755.9050
      1810.7695       941.0524
      1705.1769       325.6321
      1669.8568      1152.7788
      1828.9452       478.6186
      1840.8390       756.5009
      1528.7826       679.6324
      1751.6012       851.1953
      1765.8878      1096.7587
      1533.0245       683.8997
      1680.8475       706.2867
      1822.4756       880.3440
      1785.2650       383.3161
      1683.9608      1023.8205
      1884.0636       224.7512
      1839.1743       894.3182
      1878.0564       275.5073
      1820.0703       242.2840
      1790.2263       562.4832
      1117.8761       247.3972
      1728.1514       623.3547
      1790.4724       223.3884
      1800.6897       343.6163
      1727.3743       889.6878
      1697.9619       341.0645
      1710.2871      1108.2794
      1773.4341       715.0292
      1876.4657       339.2942
      1716.0087       822.4078
      1796.9817      1184.9536
