        32.8049       514.5200
        56.8218       664.9015
       102.6863       515.7826
       123.7808       644.3212
       102.6863       515.7826
       100.8961       505.3677
        89.4133       505.6050
       127.2060       501.5126
        90.7401       513.7365
       314.6702       610.7332
        44.7350       510.3957
        46.0978       653.1302
        62.0190       366.6474
        45.6361       651.4499
       531.4346       599.4604
       154.3583       650.8391
       160.6020       650.0756
        35.4486       657.3950
        35.7549       445.8037
       156.8641       861.2707
       157.1959       650.0183
       334.0421       479.7432
       107.6190       922.0169
        94.9832       913.7363
       118.1552       510.2419
       144.5575       766.3690
       105.2848       868.0384
       109.4856       574.9166
       109.4856       574.9166
        89.9127       915.0355
       121.1611       299.5503
        98.6842       927.9296
       135.4953       338.7122
       642.3003       534.2543
       107.8519       791.2106
       190.6548       839.8577
       118.6627       795.7509
       162.1618       335.7101
       162.1618       335.7101
       195.9642       642.7387
       122.5791       746.4529
        85.3533       912.6041
        52.2436       590.1478
       205.6164       952.5601
        99.6552       868.3825
       110.2004       591.0486
       205.6164       952.5601
        66.8648       880.2861
        55.5014       592.2352
       110.2004       591.0486
       145.1510       889.8891
       170.3473       651.5373
       231.0255       956.1104
       158.7240       502.5752
       116.3003       922.4403
       113.4492       872.8700
        72.0267       872.9457
        97.2886       917.4861
        57.4141       791.9901
       119.9467       301.3328
      1218.8037       655.1183
        93.3732       787.7208
       137.0846       647.4095
       110.2004       591.0486
       157.0602       774.9219
       162.1618       335.7101
       196.4689       904.9080
       183.4316       869.0035
        12.4345       326.0623
       164.9060       866.8711
        82.6517       487.1114
       148.5125       775.9820
       105.8500       600.2811
        23.4020       324.9845
       116.7720       871.6996
       180.4960       765.9998
       118.3141       814.2661
        44.5034       450.9569
       119.9467       301.3328
       115.2163       776.1874
       108.0388       815.4846
       115.8368       956.0632
        23.8955       464.1576
       154.2117       634.6187
       150.1288       455.0961
        67.3501       451.2394
       133.2946       758.6356
        39.9870       961.2744
       109.3988       961.7431
        79.1387       908.0623
        67.3501       451.2394
       144.7947       474.1915
       131.6333       844.9283
       133.2161       728.2918
       102.1318       911.7175
       168.2813       913.0587
       103.3692       958.4234
        25.1584       871.9653
       119.2102       871.5762
       112.9537       479.3606
       144.5995       923.7825
       131.1985       732.6044
       122.4527       876.5424
       185.8379       897.4517
       124.9570       293.1527
       176.2683       799.1105
       115.7570       950.0148
      1251.4930       770.0248
       309.6428       327.8409
       110.2004       591.0486
        71.0105       930.9891
       109.7330       903.6465
        66.9893       587.4470
        72.9021       933.3754
       199.2869       923.4033
        14.7163       337.9893
        25.2196       802.9710
       112.9875       859.8037
        55.9374       512.7722
       126.0643       872.1047
       108.6914       720.2538
       151.4012       741.0346
        85.1323       791.6921
       141.8766       744.7807
       158.5548       949.7664
        89.1451       852.2811
        67.4544       808.8970
       128.3421       322.0626
        19.7496       811.4866
        68.5363       902.8102
       148.3043      1167.5781
       159.6948       585.0786
        82.3217       872.7780
        39.5930       302.8215
       167.0295       851.6526
        35.7135       897.2104
       166.0993       904.3463
       132.1243       854.1422
        56.7061       856.1978
        27.8662       870.1252
       160.8325       788.7267
       127.1123      1225.1415
        98.4626       739.2266
        32.0404       474.8546
       178.9477       874.0104
       405.9345       237.6517
       121.6907       593.5350
        37.3094       602.3065
       261.6314      1178.1932
        18.6609       539.9354
       154.4778      1144.5758
        78.4520       872.8585
       141.7288       718.9576
       176.6068       612.0567
       170.1276       765.7111
        74.2041       507.1118
        32.0404       474.8546
        87.6402       804.2488
        39.4112       935.9192
        68.5865       733.0642
        98.4510       884.7490
        84.7910       864.1008
       182.7673       935.0956
       216.1337       940.8577
       153.2449       767.7768
        73.8108       487.2010
       113.3597       586.1774
       202.5072       804.5997
        60.6152       963.8446
       436.9444       231.2117
       216.4744       899.8815
       179.7717       606.7736
        35.5573       953.2247
       110.9995       473.1750
        99.1182       433.6041
       109.9784       394.6149
       158.2069      1171.8274
       156.7479       754.6527
       111.7722       820.4979
        63.2646       907.7617
       203.4526       934.6941
        19.1243      1189.4106
        90.7604       926.7319
       108.9600       879.1939
        79.3086       864.6918
       144.0688       858.3263
       141.8325      1174.5938
       115.7373       940.8295
       174.0622       838.9899
       401.0175       510.7937
       382.8543       291.6647
       165.8540       874.8531
       165.8216       905.7933
       204.8717      1230.4740
       205.6220      1194.1042
       119.4377      1176.1381
       482.3445       282.9203
        49.1045       884.0722
       166.5729       521.5484
       108.6661       565.9622
      1206.2313      1099.3535
        24.6349      1242.5348
       148.5950      1144.1128
       134.3439       925.5380
       140.9366       855.2270
       123.4974       269.1797
        66.9982       906.3040
       107.7226       527.8995
        89.6594       863.8765
       443.5113       323.1828
       177.7081       776.1362
       179.7717       606.7736
       192.7141      1096.0271
       170.1587       356.6259
       164.4421       768.5866
       156.0318       939.6467
       170.5619       851.7629
       171.3754       877.4183
       178.9477       874.0104
       125.5671      1157.7704
       127.4125       764.0898
       219.5887       920.2936
       901.1764       147.7358
       249.7887      1100.7379
       101.4335       756.8675
       202.7952       255.4909
       120.1317       850.5590
       129.8318      1050.9111
       123.8431       619.3203
       174.6385       843.4789
       176.7116      1185.5344
        24.4159      1135.1907
       443.3353       311.0817
       157.6430       757.4118
        33.1958      1220.4398
        46.3266       946.0410
       197.8732       785.9396
       173.1262       775.6870
       161.0586       408.9499
       127.0470       686.3418
        64.7571       782.4683
       102.2662       802.6383
       225.4324       905.8894
       185.2764      1113.0691
       238.9699       971.0930
       160.2348      1150.5052
        63.5371       749.9525
        68.6833       317.8554
        51.4605       273.8865
       157.0755       230.8596
        90.7604       926.7319
       191.9176       890.9926
        41.3608       767.7447
       165.2794       782.3187
       261.9862      1193.9150
       564.3945       615.4486
       111.1659       828.9569
       183.7078       794.8546
        99.9451       461.1108
        39.2656       912.6613
       156.9518       682.5637
       455.4529       815.3353
       174.8153       710.7886
        84.3769       843.9271
        23.4113       742.8285
        95.3057       901.8362
        49.9981       944.2479
       100.5128       206.8119
       124.1688       718.8950
       203.9800      1102.3351
       220.9946       922.5722
        18.0718      1208.9020
        19.0336       770.8133
       175.4784      1123.0442
       235.1963      1229.6089
        64.0358      1117.7969
       186.2151       788.9249
        92.1750       397.5653
       113.9365       768.5857
       157.0755       230.8596
        74.5318      1153.7617
        18.6782       767.8027
       142.9828       937.9449
        75.2250       326.6977
        33.1501      1166.2856
       100.5680       479.8463
       148.8999       751.2062
       319.9045       646.3599
        72.7493       856.9424
       118.6265      1098.6478
       564.3945       615.4486
       233.6241       687.2747
       146.3018       876.3614
        43.9024       388.4847
        28.5059      1035.3530
       120.8000       218.4810
       165.6024       887.4987
       123.4974       269.1797
       157.0755       230.8596
       263.2637       266.2202
       157.0755       230.8596
       139.8884       620.9938
       145.1315       214.3605
        54.2189       348.6468
        52.9986       898.6121
       236.3763       595.7996
        64.0358      1117.7969
        76.4883       719.2054
       128.8383       333.3157
        35.5683       835.9725
       162.3519      1181.6583
